0.00
0.00
0.00
0.00
0.00
0.00
0.00
0.00
0.00
0.00
0.00
0.00
0.00
0.00
0.00
0.00
0.00
0.00
0.00
0.00
0.00
0.00
0.01
0.01
0.02
0.02
0.04
0.05
0.05
0.07
0.08
0.09
0.09
0.10
0.10
0.11
0.12
0.12
0.12
0.13
0.13
0.13
0.14
0.16
0.17
0.18
0.18
0.18
0.18
0.22
0.23
0.23
0.24
0.27
0.29
0.30
0.31
0.31
0.32
0.34
0.34
0.34
0.35
0.37
0.39
0.40
0.41
0.43
0.46
0.48
0.49
0.50
0.53
0.54
0.57
0.59
0.60
0.61
0.62
0.62
0.63
0.65
0.68
0.68
0.70
0.70
0.71
0.71
0.71
0.73
0.73
0.74
0.76
0.78
0.81
0.82
0.82
0.83
0.84
0.89
0.89
0.89
0.92
0.92
0.95
0.96
0.98
0.98
0.99
1.01
1.01
1.05
1.09
1.09
1.09
1.09
1.11
1.15
1.16
1.17
1.19
1.20
1.21
1.21
1.23
1.23
1.25
1.25
1.25
1.27
1.27
1.31
1.33
1.34
1.35
1.37
1.38
1.39
1.45
1.45
1.46
1.48
1.49
1.50
1.53
1.56
1.58
1.61
1.63
1.67
1.70
1.71
1.74
1.76
1.78
1.79
1.80
1.84
1.87
1.92
1.96
1.98
2.02
2.06
2.07
2.08
2.17
2.19
2.19
2.23
2.29
2.36
2.38
2.39
2.45
2.47
2.51
2.51
2.56
2.59
2.59
2.59
2.64
2.66
2.69
2.70
2.72
2.73
2.82
2.87
2.87
2.88
2.88
2.89
2.91
2.97
2.98
2.99
3.00
3.00
3.04
3.06
3.08
3.09
3.11
3.17
3.23
3.33
3.34
3.41
3.44
3.45
3.49
3.50
3.54
3.55
3.56
3.59
3.62
3.63
3.67
3.68
3.69
3.72
3.77
3.81
3.81
3.82
3.84
3.84
3.85
3.87
3.88
3.88
3.89
3.90
3.94
4.12
4.19
4.20
4.21
4.22
4.25
4.25
4.27
4.27
4.38
4.45
4.46
4.48
4.52
4.53
4.57
4.61
4.62
4.62
4.64
4.64
4.64
4.66
4.66
4.69
4.74
4.77
4.78
4.96
4.99
5.00
5.04
5.05
5.07
5.08
5.08
5.08
5.12
5.13
5.15
5.16
5.17
5.18
5.20
5.20
5.25
5.27
5.29
5.32
5.33
5.34
5.40
5.40
5.41
5.43
5.47
5.53
5.60
5.63
5.67
5.68
5.73
5.74
5.74
5.74
5.84
5.85
5.87
5.87
5.92
5.93
5.98
5.99
6.04
6.07
6.08
6.09
6.09
6.10
6.18
6.19
6.25
6.26
6.29
6.37
6.45
6.48
6.49
6.49
6.51
6.56
6.56
6.57
6.58
6.59
6.60
6.60
6.60
6.64
6.73
6.77
6.82
6.85
6.90
6.91
6.95
6.96
6.96
7.00
7.03
7.07
7.07
7.10
7.10
7.12
7.15
7.18
7.18
7.20
7.33
7.34
7.45
7.46
7.57
7.59
7.59
7.59
7.60
7.61
7.62
7.62
7.63
7.64
7.64
7.64
7.69
7.70
7.77
7.80
7.83
7.90
7.90
7.98
8.00
8.03
8.06
8.07
8.08
8.12
8.16
8.19
8.21
8.23
8.25
8.25
8.28
8.33
8.39
8.39
8.48
8.58
8.58
8.65
8.67
8.69
8.69
8.72
8.79
8.80
8.80
8.83
8.84
8.84
8.87
8.91
8.94
8.94
8.97
8.98
9.10
9.14
9.20
9.23
9.36
9.43
9.52
9.57
9.58
9.59
9.64
9.65
9.65
9.70
9.71
9.78
9.79
9.83
9.83
9.87
9.89
9.94
9.99
10.01
10.08
10.11
10.12
10.13
10.14
10.16
10.21
10.21
10.22
10.29
10.31
10.42
10.51
10.53
10.58
10.66
10.67
10.68
10.71
10.71
10.72
10.77
10.77
10.78
10.83
10.88
10.91
10.94
10.97
11.00
11.00
11.02
11.02
11.03
11.04
11.05
11.05
11.16
11.34
11.35
11.39
11.47
11.48
11.54
11.55
11.57
11.65
11.68
11.71
11.73
11.85
11.86
11.93
11.96
12.01
12.02
12.05
12.07
12.10
12.17
12.21
12.24
12.29
12.35
12.50
12.50
12.55
12.55
12.56
12.60
12.63
12.64
12.65
12.68
12.70
12.75
12.77
12.82
12.88
12.88
12.97
12.98
12.99
13.04
13.10
13.13
13.32
13.39
13.43
13.45
13.53
13.66
13.68
13.68
13.69
13.75
13.89
13.95
13.96
14.11
14.18
14.19
14.19
14.20
14.26
14.28
14.31
14.31
14.36
14.39
14.48
14.51
14.52
14.54
14.64
14.65
14.70
14.72
14.75
14.76
14.76
14.76
14.77
14.79
14.83
14.87
14.89
14.94
15.05
15.05
15.24
15.26
15.30
15.31
15.47
15.47
15.47
15.50
15.50
15.53
15.56
15.61
15.62
15.64
15.68
15.68
15.70
15.72
15.75
15.78
15.83
15.84
15.86
15.89
15.91
15.91
16.00
16.18
16.20
16.25
16.35
16.42
16.51
16.55
16.56
16.67
16.75
16.86
16.89
16.93
16.94
16.96
16.99
17.03
17.20
17.27
17.30
17.38
17.38
17.42
17.45
17.47
17.48
17.53
17.59
17.63
17.66
17.68
17.68
17.80
17.82
17.95
17.98
18.01
18.01
18.10
18.15
18.16
18.18
18.28
18.30
18.38
18.40
18.42
18.43
18.54
18.60
18.63
18.68
18.71
18.82
18.84
18.85
18.88
18.88
18.95
18.95
19.14
19.16
19.18
19.32
19.35
19.47
19.48
19.48
19.54
19.54
19.56
19.59
19.62
19.65
19.67
19.71
19.93
20.00
20.04
20.10
20.37
20.38
20.42
20.52
20.59
20.64
20.68
20.73
20.75
20.76
20.81
20.95
21.00
21.02
21.06
21.09
21.11
21.20
21.26
21.28
21.31
21.36
21.38
21.42
21.50
21.50
21.55
21.58
21.59
21.62
21.82
21.94
21.96
22.01
22.10
22.25
22.27
22.32
22.39
22.39
22.47
22.47
22.49
22.50
22.55
22.57
22.58
22.69
22.88
23.01
23.07
23.51
23.54
23.78
24.16
24.37
24.41
24.41
24.52
24.62
24.68
24.75
24.91
24.96
25.01
25.10
25.10
25.19
25.25
25.30
25.34
25.52
25.67
25.73
25.74
25.78
25.81
25.88
26.02
26.09
26.09
26.09
26.16
26.17
26.20
26.20
26.21
26.21
26.73
26.84
26.86
27.01
27.15
27.19
27.42
27.58
27.70
27.78
28.14
28.14
28.22
28.33
28.37
28.37
28.46
28.48
28.56
28.63
28.76
28.89
28.91
29.16
29.54
29.72
29.82
30.02
30.06
30.13
30.30
30.36
30.37
30.38
30.47
30.72
30.98
31.01
31.13
31.16
31.35
31.47
31.54
31.57
31.62
31.68
31.71
31.77
31.88
31.91
32.18
32.29
32.34
32.42
32.43
32.44
32.46
32.51
32.56
32.57
32.72
32.93
33.04
33.09
33.16
33.41
33.44
33.56
33.72
33.72
33.75
33.83
33.83
33.85
33.89
34.09
34.14
34.14
34.43
34.54
34.56
34.64
34.70
34.84
35.04
35.07
35.10
35.15
35.22
35.28
35.50
35.53
35.61
35.62
35.63
35.91
36.11
36.21
36.23
36.35
36.43
36.55
36.60
36.76
36.83
36.90
36.95
37.26
37.26
37.31
37.81
37.84
37.84
38.00
38.02
38.34
38.51
38.67
38.80
38.81
39.15
39.24
39.52
39.76
39.86
40.03
40.08
40.09
40.12
40.17
40.19
40.23
40.23
40.25
40.45
40.53
40.58
40.61
40.91
41.02
41.08
41.11
41.38
41.43
41.46
41.52
41.79
41.88
41.91
42.45
42.47
42.48
42.94
43.82
43.82
44.04
44.18
44.29
44.56
44.67
44.79
44.95
45.11
45.21
45.42
45.65
45.79
46.10
46.31
46.33
46.72
46.73
46.73
47.18
47.26
47.81
48.58
48.79
48.94
49.19
50.78
50.81
51.24
51.35
51.37
51.41
51.53
51.58
52.03
52.20
52.45
53.36
53.46
53.96
54.35
54.39
54.91
55.04
55.66
56.72
56.82
56.95
57.29
57.68
57.73
57.96
58.60
60.09
60.71
61.09
61.13
61.39
61.68
63.13
63.19
63.63
63.76
63.92
65.06
65.34
65.48
66.03
66.52
66.87
67.16
67.29
68.19
69.60
69.98
71.58
73.16
80.57
82.43
87.21
93.29
